-17
42
-58
-96
-88
93
-13
-7
46
-10
20
-90
52
82
84
-41
-91
70
-23
11
97
-25
9
-82
16
-50
70
-95
92
-49
-57
65
-69
34
-8
-20
-32
95
55
-81
52
-2
-84
1
-11
-20
-54
-41
-99
-81
45
71
-74
-5
-44
-79
69
65
-24
14
3
69
-83
-34
-97
-32
32
99
-53
-39
6
-33
7
-82
37
-27
11
8
-84
96
-68
-54
24
16
-41
9
-42
-4
-72
-82
-3
20
-62
66
67
-15
-13
-98
66
98
-82
-21
40
32
-36
45
-57
56
46
96
47
-41
-30
53
-43
-31
69
-26
43
-34
-33
-64
-97
23
77
-64
-56
39
-21
17
80
-31
91
-51
5
-83
-27
57
82
-23
88
-8
85
0
-89
-25
-98
63
46
6
-76
-73
-54
-99
37
-62
-46
90
-42
11
-17
-36
-56
15
69
-90
-77
-32
23
47
-54
72
-26
-8
55
26
-57
-44
22
98
-69
-25
21
-5
-18
-68
-86
77
-32
-9
-59
-88
-24
-18
74
-41
-47
23
-6
-32
-46
91
-85
-69
-49
85
-53
-50
14
33
63
-4
-10
95
-64
-18
69
-36
-50
-74
-10
-16
80
-78
-40
7
-92
-62
1
-62
-36
88
21
-56
-11
21
5
70
-56
-5
-37
51
18
37
22
-20
-65
-7
-43
-31
36
-77
-98
-15
-79
-68
0
46
-99
44
36
62
16
5
82
73
67
-81
-28
15
-16
51
32
-45
95
94
-95
51
0
-67
48
-12
-69
69
-43
-26
-71
-23
70
52
31
-47
54
74
23
-74
-56
-40
-2
-85
-68
35
-41
13
88
-5
30
1
80
-14
50
-66
15
14
-67
-58
8
-69
-99
-2
89
-93
27
28
61
7
91
28
43
97
-91
-10
74
54
71
11
-49
93
-5
-65
-56
3
81
-24
-56
-12
57
-42
49
-95
16
50
-75
58
-11
30
-67
-99
64
-1
-64
45
-94
-9
-70
33
-73
-10
-92
27
-17
-41
37
-14
68
58
72
-93
0
91
36
-58
86
-91
6
64
-88
80
21
-34
90
64
-53
-3
-55
80
-53
78
42
-95
-95
40
39
15
22
-27
-27
-16
76
65
31
-30
4
-70
-85
47
61
-59
-44
-2
-83
-86
-78
51
77
61
18
-54
-61
-88
69
6
-20
-88
-39
21
80
0
-97
34
98
-65
-35
89
73
49
-81
-52
-10
39
45
-32
56
-4
-35
-38
-71
-73
-23
-49
-95
15
5
44
-93
31
68
-22
-77
-61
28
-89
-13
8
-11
-6
-86
40
-9
56
-11
-31
53
71
93
71
98
-70
52
-49
-49
85
58
50
-36
-80
47
17
64
22
73
34
1
-78
1
-8
87
-92
-63
94
-4
-86
-31
-37
-26
65
-32
-38
-63
-88
-3
-2
-90
45
56
88
78
59
36
-68
-82
-50
-32
-94
-76
-27
-10
24
1
-59
-65
-81
-65
-42
-26
-64
-35
86
-10
-34
-97
-23
56
-66
11
66
71
61
38
47
92
-61
-18
99
73
-78
46
-89
19
-12
30
-91
83
-21
36
77
97
66
84
8
21
39
36
-64
-66
-39
20
-16
68
68
67
-71
-11
-89
36
77
-26
-24
31
-2
-3
-32
20
80
13
47
47
91
-19
0
3
50
41
66
-44
-83
44
5
0
-14
-4
70
27
59
-79
-80
71
-37
-79
-32
-36
32
63
-34
78
-60
16
-63
73
79
-87
-52
89
4
18
-21
-87
-70
1
51
-48
80
-20
89
-51
-3
42
-28
-72
54
82
23
13
69
-78
-24
-43
-93
18
53
4
-4
23
-3
41
20
-33
-68
24
-70
-30
80
-70
-56
48
49
-11
-83
86
-47
-60
29
0
-82
-20
-37
60
96
30
83
-41
-74
-48
-52
74
-95
-19
-45
-65
31
-97
60
-100
6
-99
-13
-30
26
-41
14
-31
63
-50
-64
96
-39
-39
-43
-72
-99
65
61
48
-85
61
-43
-19
7
39
-35
-58
15
22
-33
-25
-14
-95
7
-32
-96
41
98
-96
-54
40
-9
86
-68
69
-2
59
31
38
-99
-2
-11
-76
-39
1
-88
-42
-62
68
-91
14
-23
32
67
-13
-15
98
-47
-77
45
-46
-99
1
-95
-87
38
-16
34
-27
-95
55
-35
-3
51
25
-30
77
-29
-73
-86
91
-49
26
98
-74
63
-49
56
84
-30
49
-30
-85
58
32
-26
75
9
56
53
-74
82
61
-66
-86
88
-83
40
84
-42
75
44
12
70
-99
-45
-87
58
93
-58
69
47
-6
24
41
-2
83
-78
85
-56
-44
-91
68
41
51
-48
37
59
78
-29
91
0
-23
-51
-69
-15
14
-86
-100
-98
95
60
65
72
59
-3
90
-34
80
-62
42
-12
85
50
-73
76
43
85
-45
-36
-84
82
-8
80
84
3
-25
89
-87
-92
-91
52
64
29
-16
-86
-85
47
-19
-15
-93
38
-49
-96
3
89
-60
-41
-80
27
-56
52
-16
49
-9
-81
-60
2
-17
33
90
99
-41
53
53
-11
52
-67
-87
-14
15
53
42
-95
-59
-58
80
0
-82
-16
5
-13
81
96
33
61
-66
-56
-73
-89
2
93
-35
-36
44
-70
-24
11
90
24
-61
41
-3
-99
-30
27
53
37
-25
-45
19
-61
48
60
-97
10
94
79
50
21
87
53
28
90
41
-57
